2.943139999999991474e+01
2.286030000000002360e+01
3.446670000000021616e+01
3.402790000000018722e+01
3.459910000000014207e+01
1.716650000000001342e+01
1.560499999999998266e+01
2.096350000000008507e+01
2.154549999999996146e+01
1.855519999999995662e+01
1.985590000000003386e+01
1.583310000000011364e+01
1.597500000000007603e+01
1.512790000000001100e+01
2.425980000000003756e+01
2.015530000000009636e+01
2.065250000000007446e+01
1.983340000000006142e+01
2.675169999999999249e+01
2.049520000000007158e+01
2.444400000000002038e+01
2.492129999999996670e+01
1.948640000000006722e+01
2.139260000000004069e+01
2.079650000000001597e+01
2.856409999999995364e+01
2.322050000000010073e+01
2.295890000000000342e+01
2.273759999999999337e+01
1.980659999999999243e+01
1.974369999999998271e+01
1.726769999999997651e+01
1.816590000000000416e+01
2.084810000000000585e+01
2.011459999999998516e+01
2.038089999999996493e+01
1.909039999999996340e+01
1.621540000000002735e+01
1.446169999999999511e+01
1.868640000000005585e+01
1.896630000000005012e+01
1.779929999999999524e+01
1.607270000000000110e+01
1.587350000000001415e+01
1.564119999999995869e+01
1.285359999999995395e+01
1.308470000000001221e+01
1.287680000000000824e+01
3.766320000000009571e+01
1.932579999999998677e+01
3.164119999999996580e+01
3.135189999999989752e+01
2.306839999999985125e+01
4.932040000000000646e+01
2.157179999999990727e+01
2.961859999999987636e+01
2.356520000000001147e+01
3.328580000000019368e+01
2.589440000000002584e+01
3.153569999999985285e+01
3.480200000000022698e+01
3.561330000000034346e+01
4.391000000000003922e+01
4.505199999999998539e+01
2.154260000000000375e+01
2.117120000000010549e+01
1.691649999999994236e+01
1.746439999999999060e+01
2.201619999999995869e+01
2.893020000000002767e+01
2.799489999999997991e+01
4.569590000000015095e+01
4.496550000000003422e+01
3.240010000000010137e+01
4.486130000000014206e+01
2.653009999999995827e+01
2.198059999999992087e+01
2.399360000000016413e+01
1.956840000000011770e+01
2.255899999999999750e+01
2.552250000000008257e+01
3.427390000000018944e+01
4.232080000000004816e+01
3.626880000000002013e+01
2.043070000000001940e+01
2.442510000000001824e+01
4.255610000000007886e+01
3.457470000000022736e+01
2.501520000000002497e+01
4.428249999999994913e+01
2.189060000000008088e+01
2.049980000000006797e+01
3.478080000000024086e+01
3.432750000000026347e+01
2.019219999999992154e+01
2.012220000000001718e+01
2.396199999999997488e+01
1.872370000000012169e+01
2.099159999999998760e+01
1.968000000000010630e+01
2.347430000000014871e+01
1.944790000000006103e+01
3.376680000000020243e+01
2.555689999999987094e+01
3.328170000000012152e+01
1.898590000000002576e+01
2.419880000000004827e+01
3.144390000000017693e+01
2.419090000000006668e+01
2.137040000000004270e+01
2.077120000000004296e+01
4.661230000000007578e+01
4.110930000000006856e+01
3.938080000000004333e+01
1.137980000000000125e+01
1.227639999999989762e+01
1.341879999999999740e+01
1.492179999999998863e+01
1.196659999999999435e+01
1.256239999999998602e+01
1.049450000000001104e+01
1.261479999999993495e+01
1.276739999999994346e+01
1.432789999999992325e+01
1.318949999999989586e+01
1.047589999999999755e+01
1.316899999999995252e+01
1.905869999999995201e+01
1.541360000000004327e+01
1.508050000000002555e+01
8.601200000000023493e+00
1.455640000000001066e+01
1.447350000000004222e+01
1.415990000000008564e+01
1.261140000000001216e+01
8.921400000000005548e+00
1.456480000000004971e+01
1.314410000000001588e+01
1.292420000000000968e+01
1.499590000000008061e+01
1.553150000000001540e+01
1.520190000000001973e+01
2.050350000000007711e+01
2.506820000000002935e+01
1.308939999999999593e+01
1.099250000000000682e+01
1.335350000000001458e+01
1.960480000000000445e+01
1.964480000000003201e+01
2.044820000000002835e+01
1.906439999999993518e+01
2.464130000000001885e+01
